00000000
11111111
11111111
11111111
11111111
11111111
11111111
00000000
01010000
01101100
00000000
00000000
00000000
00000000
00000000
00000000
00000000
00010101
00000001
00000011
10000000
01011001
00110010
01111000
00001010
00001101
11001001
10100000
01010111
01000111
10011000
00100111
00010010
01001000
01001100
00100001
01000011
00000000
01110001
01001111
10000001
00000000
10000001
01000000
10000001
10000000
10010101
00000000
10010101
00001111
10110011
00000000
10101001
01000000
00000010
00111010
10000000
00011000
01110001
00111000
00101101
01000000
01011000
00101100
01000101
00000000
10100000
01011010
00000000
00000000
00000000
00011110
01100110
00100001
01010000
10110000
01010001
00000000
00011011
00110000
01000000
01110000
00110110
00000000
10100000
01011010
00000000
00000000
00000000
00011110
00000000
00000000
00000000
11111101
00000000
00011000
01001011
00011010
01010001
00010111
00000000
00001010
00100000
00100000
00100000
00100000
00100000
00100000
00000000
00000000
00000000
11111100
00000000
00110011
01000100
01010100
01010110
00001010
00100000
00100000
00100000
00100000
00100000
00100000
00100000
00100000
00000001
00101111
00000010
00000011
00110010
01110000
01010010
00010000
00000010
00000110
00000111
00010001
00010101
00010110
00000001
00011111
00000100
00010011
00000101
00010100
00000011
00010010
00100000
00100001
00100010
00100011
00001001
00000111
00000111
10000011
00000001
00000000
00000000
11100011
00000101
00000000
00000000
01101110
00000011
00001100
00000000
00010000
00000000
00000000
00000000
00101111
11010000
00000100
00000001
01000000
10000000
00000000
00000010
00111010
10000000
11010000
01110010
00111000
00101101
01000000
00010000
00101100
01000101
10000000
10100000
01011010
00000000
00000000
00000000
00011110
00000001
00011101
00000000
10111100
01010010
11010000
00011110
00100000
10111000
00101000
01010101
01000000
10100000
01011010
00000000
00000000
00000000
00011110
00000001
00011101
10000000
11010000
01110010
00011100
00010110
00100000
00010000
00101100
00100101
10000000
10100000
01011010
00000000
00000000
00000000
10011110
00000000
00000000
00000000
00000000
00000000
00000000
00000000
00000000
00000000
00000000
00000000
00000000
00000000
00000000
00000000
00000000
00000000
00000000
00000000
00000000
00000000
00000000
00000000
10111111
